<script src="https://code.highcharts.com/highcharts.js"></script><script src="https://code.highcharts.com/highcharts-more.js"></script>
<script src="https://code.highcharts.com/modules/exporting.js"></script>
<script src="https://code.highcharts.com/modules/export-data.js"></script>
<script src="https://code.highcharts.com/modules/accessibility.js"></script>
<link
  rel="stylesheet"
  href="https://fonts.googleapis.com/css?family=Noticia+Text"
/>
<link
  href="https://fonts.googleapis.com/css2?family=Asap"
  rel="stylesheet"
/>
<link
  href="https://fonts.googleapis.com/css2?family=Roboto"
  rel="stylesheet"
/>

<link
  rel="stylesheet"
  href="https://data.irozhlas.cz/hhighcharts-template/style.css"
/>
<link
  rel="stylesheet"
  href="https://data.irozhlas.cz/hhighcharts-template/highcharts-style.css"
/>
<style type="text/css">text{font-family:"Asap"!important}.paragraph{font-family:"Noticia text"!important}.href{color:#666;fill:#666}.highcharts-title{font-family:"Noticia text"!important;font-weight:700!important;text-align:left!important;left:10px!important}.highcharts-subtitle{text-align:left!important;font-size:.95rem!important;left:10px!important;font-family:"Asap"!important}.highcharts-data-labels text{font-size:.85rem!important}.highcharts-axis-labels text{font-size:.85rem!important}text.highcharts-plot-line-label{font-size:.85rem!important;fill:#666}text.highcharts-plot-band-label{font-size:.85rem!important;fill:#666}text.highcharts-credits{font-size:.75rem!important}.highcharts-tooltip span{font-family:"Asap"!important}.axis-label-on-tick{fill:#aaa;color:#aaa}.mock-empty-line{fill:#fff;color:#fff}</style>
        <figure id="prgova_bubble">
        <div id="container"></div>
        </figure>
        <script>document.addEventListener('DOMContentLoaded', function() {
Highcharts.chart('prgova_bubble',
{
  colors: ['#526d77',
'#fabb00',
'#e68014'],
  credits: {
  enabled: true,
  href: 'https://www.irozhlas.cz/zpravy-tag/datova-zurnalistika',
  text: 'Zdroj dat: e-shopy dopravcù od 7. 11. do 25. 11. 2024. Vizualizace: iROZHLAS.cz'
},
  series: [{
  data: [[0.0,
369.0,
4.0],
[0.0,
425.0,
12.0],
[0.0,
535.0,
29.0],
[0.0,
569.0,
8.0],
[0.0,
604.0,
64.0],
[0.0,
609.0,
106.0],
[0.0,
619.0,
194.0],
[0.0,
644.0,
56.0],
[0.0,
654.0,
32.0],
[0.0,
679.0,
2.0],
[0.0,
689.0,
18.0],
[0.0,
709.0,
2.0],
[0.0,
719.0,
19.0],
[0.0,
734.0,
10.0],
[0.0,
744.0,
41.0],
[0.0,
759.0,
10.0],
[0.0,
769.0,
54.0],
[0.0,
794.0,
20.0],
[0.0,
819.0,
10.0],
[0.0,
869.0,
10.0],
[1.0,
369.0,
11.0],
[1.0,
425.0,
9.0],
[1.0,
535.0,
24.0],
[1.0,
569.0,
19.0],
[1.0,
604.0,
82.0],
[1.0,
609.0,
106.0],
[1.0,
619.0,
173.0],
[1.0,
644.0,
42.0],
[1.0,
654.0,
25.0],
[1.0,
689.0,
10.0],
[1.0,
709.0,
15.0],
[1.0,
719.0,
9.0],
[1.0,
734.0,
16.0],
[1.0,
744.0,
29.0],
[1.0,
759.0,
3.0],
[1.0,
769.0,
61.0],
[1.0,
794.0,
22.0],
[1.0,
819.0,
10.0],
[1.0,
869.0,
10.0],
[2.0,
369.0,
20.0],
[2.0,
469.0,
3.0],
[2.0,
535.0,
32.0],
[2.0,
569.0,
27.0],
[2.0,
604.0,
90.0],
[2.0,
609.0,
108.0],
[2.0,
619.0,
124.0],
[2.0,
644.0,
42.0],
[2.0,
654.0,
22.0],
[2.0,
689.0,
1.0],
[2.0,
709.0,
22.0],
[2.0,
719.0,
18.0],
[2.0,
734.0,
10.0],
[2.0,
744.0,
32.0],
[2.0,
759.0,
6.0],
[2.0,
769.0,
39.0],
[2.0,
794.0,
14.0],
[2.0,
819.0,
10.0],
[2.0,
869.0,
10.0],
[3.0,
369.0,
20.0],
[3.0,
469.0,
15.0],
[3.0,
535.0,
16.0],
[3.0,
569.0,
45.0],
[3.0,
604.0,
89.0],
[3.0,
609.0,
131.0],
[3.0,
619.0,
68.0],
[3.0,
644.0,
48.0],
[3.0,
654.0,
11.0],
[3.0,
679.0,
1.0],
[3.0,
689.0,
7.0],
[3.0,
709.0,
29.0],
[3.0,
719.0,
27.0],
[3.0,
734.0,
3.0],
[3.0,
744.0,
22.0],
[3.0,
759.0,
1.0],
[3.0,
769.0,
27.0],
[3.0,
794.0,
10.0],
[3.0,
819.0,
14.0],
[3.0,
869.0,
6.0],
[4.0,
369.0,
27.0],
[4.0,
425.0,
1.0],
[4.0,
469.0,
26.0],
[4.0,
535.0,
17.0],
[4.0,
569.0,
79.0],
[4.0,
604.0,
116.0],
[4.0,
609.0,
117.0],
[4.0,
619.0,
61.0],
[4.0,
644.0,
46.0],
[4.0,
654.0,
7.0],
[4.0,
679.0,
25.0],
[4.0,
689.0,
5.0],
[4.0,
709.0,
14.0],
[4.0,
719.0,
39.0],
[4.0,
734.0,
3.0],
[4.0,
744.0,
14.0],
[4.0,
759.0,
7.0],
[4.0,
769.0,
10.0],
[4.0,
794.0,
25.0],
[4.0,
819.0,
8.0],
[5.0,
369.0,
22.0],
[5.0,
469.0,
20.0],
[5.0,
535.0,
31.0],
[5.0,
569.0,
137.0],
[5.0,
604.0,
130.0],
[5.0,
609.0,
126.0],
[5.0,
619.0,
44.0],
[5.0,
644.0,
58.0],
[5.0,
679.0,
46.0],
[5.0,
689.0,
8.0],
[5.0,
709.0,
30.0],
[5.0,
719.0,
23.0],
[5.0,
734.0,
16.0],
[5.0,
744.0,
8.0],
[5.0,
759.0,
11.0],
[5.0,
769.0,
8.0],
[5.0,
784.0,
1.0],
[5.0,
794.0,
32.0],
[6.0,
369.0,
24.0],
[6.0,
469.0,
21.0],
[6.0,
535.0,
35.0],
[6.0,
569.0,
158.0],
[6.0,
604.0,
170.0],
[6.0,
609.0,
102.0],
[6.0,
619.0,
39.0],
[6.0,
644.0,
35.0],
[6.0,
654.0,
1.0],
[6.0,
669.0,
3.0],
[6.0,
679.0,
36.0],
[6.0,
689.0,
9.0],
[6.0,
709.0,
36.0],
[6.0,
719.0,
20.0],
[6.0,
734.0,
9.0],
[6.0,
744.0,
17.0],
[6.0,
759.0,
4.0],
[6.0,
769.0,
8.0],
[6.0,
794.0,
25.0],
[7.0,
289.0,
6.0],
[7.0,
369.0,
11.0],
[7.0,
425.0,
1.0],
[7.0,
469.0,
16.0],
[7.0,
535.0,
26.0],
[7.0,
569.0,
123.0],
[7.0,
604.0,
150.0],
[7.0,
609.0,
112.0],
[7.0,
619.0,
27.0],
[7.0,
639.0,
14.0],
[7.0,
644.0,
4.0],
[7.0,
669.0,
8.0],
[7.0,
679.0,
30.0],
[7.0,
689.0,
13.0],
[7.0,
709.0,
19.0],
[7.0,
719.0,
9.0],
[7.0,
734.0,
20.0],
[7.0,
744.0,
14.0],
[7.0,
759.0,
8.0],
[7.0,
769.0,
20.0],
[7.0,
794.0,
15.0],
[8.0,
289.0,
4.0],
[8.0,
369.0,
3.0],
[8.0,
425.0,
3.0],
[8.0,
469.0,
4.0],
[8.0,
535.0,
10.0],
[8.0,
569.0,
40.0],
[8.0,
604.0,
63.0],
[8.0,
609.0,
72.0],
[8.0,
619.0,
9.0],
[8.0,
639.0,
15.0],
[8.0,
644.0,
3.0],
[8.0,
669.0,
5.0],
[8.0,
679.0,
14.0],
[8.0,
689.0,
2.0],
[8.0,
709.0,
4.0],
[8.0,
719.0,
2.0],
[8.0,
734.0,
12.0],
[8.0,
744.0,
4.0],
[8.0,
759.0,
7.0],
[8.0,
769.0,
10.0],
[8.0,
794.0,
3.0],
[9.0,
289.0,
4.0],
[9.0,
469.0,
9.0],
[9.0,
535.0,
5.0],
[9.0,
569.0,
38.0],
[9.0,
604.0,
35.0],
[9.0,
609.0,
10.0],
[9.0,
619.0,
4.0],
[9.0,
639.0,
5.0],
[9.0,
644.0,
5.0],
[9.0,
679.0,
10.0],
[9.0,
689.0,
1.0],
[9.0,
709.0,
3.0],
[9.0,
719.0,
7.0],
[9.0,
734.0,
1.0],
[9.0,
744.0,
1.0],
[9.0,
759.0,
2.0],
[9.0,
769.0,
1.0],
[10.0,
289.0,
4.0],
[10.0,
369.0,
1.0],
[10.0,
425.0,
3.0],
[10.0,
469.0,
4.0],
[10.0,
535.0,
13.0],
[10.0,
569.0,
31.0],
[10.0,
604.0,
40.0],
[10.0,
609.0,
12.0],
[10.0,
619.0,
3.0],
[10.0,
639.0,
3.0],
[10.0,
669.0,
1.0],
[10.0,
679.0,
6.0],
[10.0,
709.0,
1.0],
[10.0,
719.0,
4.0],
[10.0,
734.0,
7.0],
[10.0,
744.0,
8.0],
[10.0,
759.0,
1.0],
[11.0,
289.0,
6.0],
[11.0,
425.0,
1.0],
[11.0,
469.0,
8.0],
[11.0,
535.0,
8.0],
[11.0,
569.0,
28.0],
[11.0,
604.0,
41.0],
[11.0,
609.0,
5.0],
[11.0,
639.0,
5.0],
[11.0,
669.0,
1.0],
[11.0,
679.0,
1.0],
[11.0,
694.0,
1.0],
[11.0,
709.0,
2.0],
[11.0,
719.0,
2.0],
[11.0,
734.0,
1.0],
[11.0,
744.0,
2.0],
[11.0,
759.0,
1.0],
[12.0,
289.0,
7.0],
[12.0,
425.0,
3.0],
[12.0,
469.0,
5.0],
[12.0,
535.0,
21.0],
[12.0,
569.0,
35.0],
[12.0,
604.0,
44.0],
[12.0,
609.0,
8.0],
[12.0,
639.0,
6.0],
[12.0,
644.0,
1.0],
[12.0,
669.0,
4.0],
[12.0,
679.0,
3.0],
[12.0,
689.0,
2.0],
[12.0,
694.0,
3.0],
[12.0,
709.0,
1.0],
[12.0,
719.0,
3.0],
[12.0,
734.0,
2.0],
[12.0,
744.0,
6.0],
[13.0,
289.0,
7.0],
[13.0,
425.0,
3.0],
[13.0,
469.0,
7.0],
[13.0,
535.0,
18.0],
[13.0,
569.0,
67.0],
[13.0,
604.0,
66.0],
[13.0,
609.0,
25.0],
[13.0,
619.0,
1.0],
[13.0,
639.0,
14.0],
[13.0,
644.0,
2.0],
[13.0,
669.0,
4.0],
[13.0,
679.0,
3.0],
[13.0,
689.0,
2.0],
[13.0,
694.0,
6.0],
[13.0,
709.0,
7.0],
[13.0,
719.0,
6.0],
[13.0,
734.0,
5.0],
[13.0,
744.0,
8.0],
[13.0,
759.0,
2.0],
[14.0,
289.0,
7.0],
[14.0,
425.0,
2.0],
[14.0,
460.0,
1.0],
[14.0,
469.0,
6.0],
[14.0,
535.0,
13.0],
[14.0,
569.0,
36.0],
[14.0,
604.0,
42.0],
[14.0,
609.0,
18.0],
[14.0,
639.0,
10.0],
[14.0,
644.0,
3.0],
[14.0,
669.0,
4.0],
[14.0,
679.0,
5.0],
[14.0,
689.0,
3.0],
[14.0,
694.0,
2.0],
[14.0,
719.0,
5.0],
[14.0,
734.0,
1.0],
[14.0,
744.0,
1.0],
[15.0,
289.0,
4.0],
[15.0,
425.0,
2.0],
[15.0,
460.0,
2.0],
[15.0,
469.0,
4.0],
[15.0,
535.0,
6.0],
[15.0,
569.0,
31.0],
[15.0,
604.0,
32.0],
[15.0,
609.0,
27.0],
[15.0,
639.0,
8.0],
[15.0,
669.0,
9.0],
[15.0,
679.0,
1.0],
[15.0,
689.0,
2.0],
[15.0,
694.0,
1.0],
[15.0,
719.0,
12.0],
[15.0,
734.0,
5.0],
[15.0,
744.0,
1.0],
[16.0,
289.0,
5.0],
[16.0,
425.0,
3.0],
[16.0,
460.0,
2.0],
[16.0,
469.0,
7.0],
[16.0,
535.0,
6.0],
[16.0,
569.0,
28.0],
[16.0,
604.0,
39.0],
[16.0,
609.0,
19.0],
[16.0,
639.0,
11.0],
[16.0,
669.0,
1.0],
[16.0,
679.0,
4.0],
[16.0,
689.0,
1.0],
[16.0,
694.0,
3.0],
[16.0,
709.0,
2.0],
[16.0,
719.0,
3.0],
[16.0,
744.0,
1.0],
[17.0,
289.0,
3.0],
[17.0,
425.0,
2.0],
[17.0,
460.0,
1.0],
[17.0,
469.0,
2.0],
[17.0,
569.0,
12.0],
[17.0,
604.0,
15.0],
[17.0,
609.0,
13.0],
[17.0,
639.0,
7.0],
[17.0,
669.0,
2.0],
[17.0,
694.0,
4.0],
[17.0,
709.0,
2.0],
[17.0,
734.0,
1.0],
[18.0,
289.0,
5.0],
[18.0,
425.0,
2.0],
[18.0,
460.0,
2.0],
[18.0,
469.0,
8.0],
[18.0,
535.0,
5.0],
[18.0,
569.0,
23.0],
[18.0,
604.0,
33.0],
[18.0,
609.0,
10.0],
[18.0,
619.0,
1.0],
[18.0,
639.0,
7.0],
[18.0,
669.0,
5.0],
[18.0,
679.0,
2.0],
[18.0,
694.0,
2.0],
[18.0,
709.0,
1.0],
[18.0,
734.0,
1.0],
[18.0,
744.0,
1.0],
[19.0,
289.0,
3.0],
[19.0,
425.0,
2.0],
[19.0,
469.0,
7.0],
[19.0,
535.0,
6.0],
[19.0,
569.0,
27.0],
[19.0,
604.0,
29.0],
[19.0,
609.0,
12.0],
[19.0,
619.0,
1.0],
[19.0,
639.0,
8.0],
[19.0,
669.0,
5.0],
[19.0,
679.0,
2.0],
[19.0,
694.0,
4.0],
[19.0,
709.0,
3.0],
[19.0,
744.0,
2.0],
[20.0,
289.0,
6.0],
[20.0,
425.0,
2.0],
[20.0,
469.0,
8.0],
[20.0,
535.0,
6.0],
[20.0,
569.0,
29.0],
[20.0,
604.0,
41.0],
[20.0,
609.0,
8.0],
[20.0,
619.0,
3.0],
[20.0,
639.0,
7.0],
[20.0,
669.0,
8.0],
[20.0,
709.0,
4.0],
[21.0,
289.0,
1.0],
[21.0,
469.0,
2.0],
[21.0,
535.0,
4.0],
[21.0,
569.0,
17.0],
[21.0,
604.0,
19.0],
[21.0,
609.0,
12.0],
[21.0,
619.0,
2.0],
[21.0,
639.0,
8.0],
[21.0,
669.0,
8.0],
[21.0,
709.0,
2.0],
[22.0,
289.0,
2.0],
[22.0,
460.0,
1.0],
[22.0,
469.0,
4.0],
[22.0,
535.0,
5.0],
[22.0,
549.0,
6.0],
[22.0,
569.0,
22.0],
[22.0,
589.0,
6.0],
[22.0,
604.0,
27.0],
[22.0,
609.0,
8.0],
[22.0,
619.0,
4.0],
[22.0,
639.0,
7.0],
[22.0,
649.0,
6.0],
[22.0,
669.0,
7.0],
[22.0,
689.0,
3.0],
[23.0,
289.0,
2.0],
[23.0,
460.0,
2.0],
[23.0,
469.0,
12.0],
[23.0,
535.0,
1.0],
[23.0,
569.0,
19.0],
[23.0,
589.0,
2.0],
[23.0,
604.0,
29.0],
[23.0,
609.0,
8.0],
[23.0,
619.0,
1.0],
[23.0,
639.0,
6.0],
[23.0,
659.0,
1.0],
[23.0,
669.0,
5.0],
[24.0,
289.0,
1.0],
[24.0,
425.0,
1.0],
[24.0,
460.0,
1.0],
[24.0,
469.0,
6.0],
[24.0,
549.0,
2.0],
[24.0,
569.0,
11.0],
[24.0,
589.0,
1.0],
[24.0,
604.0,
14.0],
[24.0,
609.0,
2.0],
[24.0,
639.0,
4.0],
[24.0,
649.0,
2.0],
[25.0,
289.0,
4.0],
[25.0,
369.0,
3.0],
[25.0,
425.0,
1.0],
[25.0,
460.0,
4.0],
[25.0,
469.0,
7.0],
[25.0,
535.0,
1.0],
[25.0,
549.0,
9.0],
[25.0,
569.0,
10.0],
[25.0,
584.0,
11.0],
[25.0,
589.0,
9.0],
[25.0,
604.0,
13.0],
[25.0,
609.0,
4.0],
[25.0,
619.0,
5.0],
[25.0,
624.0,
2.0],
[25.0,
639.0,
3.0],
[25.0,
649.0,
6.0],
[25.0,
659.0,
2.0],
[25.0,
669.0,
2.0],
[25.0,
709.0,
1.0],
[26.0,
289.0,
3.0],
[26.0,
425.0,
1.0],
[26.0,
460.0,
1.0],
[26.0,
469.0,
15.0],
[26.0,
535.0,
1.0],
[26.0,
549.0,
7.0],
[26.0,
569.0,
18.0],
[26.0,
589.0,
6.0],
[26.0,
604.0,
30.0],
[26.0,
609.0,
4.0],
[26.0,
619.0,
5.0],
[26.0,
639.0,
5.0],
[26.0,
649.0,
7.0],
[26.0,
659.0,
3.0],
[26.0,
669.0,
2.0],
[27.0,
289.0,
4.0],
[27.0,
369.0,
1.0],
[27.0,
425.0,
1.0],
[27.0,
460.0,
2.0],
[27.0,
469.0,
12.0],
[27.0,
535.0,
2.0],
[27.0,
549.0,
11.0],
[27.0,
569.0,
4.0],
[27.0,
584.0,
4.0],
[27.0,
589.0,
5.0],
[27.0,
604.0,
15.0],
[27.0,
609.0,
2.0],
[27.0,
619.0,
8.0],
[27.0,
624.0,
1.0],
[27.0,
639.0,
2.0],
[27.0,
649.0,
9.0],
[27.0,
659.0,
1.0],
[28.0,
289.0,
3.0],
[28.0,
369.0,
1.0],
[28.0,
460.0,
1.0],
[28.0,
469.0,
7.0],
[28.0,
535.0,
2.0],
[28.0,
549.0,
8.0],
[28.0,
569.0,
6.0],
[28.0,
584.0,
9.0],
[28.0,
589.0,
7.0],
[28.0,
604.0,
11.0],
[28.0,
609.0,
4.0],
[28.0,
619.0,
7.0],
[28.0,
649.0,
5.0],
[28.0,
669.0,
3.0],
[29.0,
469.0,
3.0],
[29.0,
535.0,
1.0],
[29.0,
549.0,
5.0],
[29.0,
569.0,
4.0],
[29.0,
584.0,
2.0],
[29.0,
589.0,
3.0],
[29.0,
604.0,
4.0],
[29.0,
609.0,
6.0],
[29.0,
619.0,
4.0],
[29.0,
639.0,
3.0],
[29.0,
649.0,
2.0],
[29.0,
659.0,
2.0],
[29.0,
669.0,
5.0],
[30.0,
289.0,
2.0],
[30.0,
469.0,
5.0],
[30.0,
549.0,
2.0],
[30.0,
569.0,
3.0],
[30.0,
589.0,
2.0],
[30.0,
604.0,
8.0],
[30.0,
609.0,
1.0],
[30.0,
619.0,
1.0],
[30.0,
639.0,
2.0],
[30.0,
649.0,
2.0],
[30.0,
659.0,
1.0],
[31.0,
289.0,
3.0],
[31.0,
369.0,
1.0],
[31.0,
460.0,
1.0],
[31.0,
469.0,
8.0],
[31.0,
535.0,
1.0],
[31.0,
549.0,
9.0],
[31.0,
569.0,
3.0],
[31.0,
584.0,
6.0],
[31.0,
589.0,
2.0],
[31.0,
604.0,
11.0],
[31.0,
609.0,
1.0],
[31.0,
619.0,
6.0],
[31.0,
624.0,
1.0],
[31.0,
649.0,
2.0],
[32.0,
549.0,
3.0],
[32.0,
584.0,
1.0],
[32.0,
589.0,
1.0],
[32.0,
619.0,
1.0],
[32.0,
649.0,
2.0],
[33.0,
289.0,
1.0],
[33.0,
369.0,
1.0],
[33.0,
460.0,
1.0],
[33.0,
549.0,
2.0],
[33.0,
584.0,
1.0],
[34.0,
549.0,
3.0],
[34.0,
569.0,
2.0],
[34.0,
584.0,
1.0],
[34.0,
589.0,
1.0],
[34.0,
604.0,
2.0],
[34.0,
609.0,
1.0],
[34.0,
649.0,
2.0],
[34.0,
659.0,
1.0],
[35.0,
549.0,
10.0],
[35.0,
584.0,
5.0],
[35.0,
589.0,
2.0],
[35.0,
619.0,
4.0],
[35.0,
624.0,
1.0],
[35.0,
649.0,
2.0],
[37.0,
549.0,
1.0],
[37.0,
584.0,
2.0],
[37.0,
589.0,
1.0],
[38.0,
289.0,
1.0],
[38.0,
369.0,
1.0],
[38.0,
460.0,
1.0],
[38.0,
549.0,
8.0],
[38.0,
584.0,
6.0],
[38.0,
589.0,
1.0],
[38.0,
619.0,
3.0],
[38.0,
624.0,
1.0],
[38.0,
649.0,
1.0],
[42.0,
460.0,
2.0],
[42.0,
549.0,
8.0],
[42.0,
584.0,
2.0],
[42.0,
619.0,
2.0],
[42.0,
649.0,
2.0],
[43.0,
289.0,
1.0],
[43.0,
369.0,
1.0],
[43.0,
460.0,
3.0],
[43.0,
549.0,
9.0],
[43.0,
584.0,
6.0],
[43.0,
619.0,
1.0],
[43.0,
649.0,
1.0],
[44.0,
469.0,
3.0],
[44.0,
549.0,
3.0],
[44.0,
584.0,
1.0],
[44.0,
619.0,
3.0],
[44.0,
649.0,
1.0],
[45.0,
404.0,
2.0],
[45.0,
549.0,
7.0],
[45.0,
584.0,
2.0],
[45.0,
619.0,
2.0],
[45.0,
649.0,
1.0],
[46.0,
404.0,
1.0],
[46.0,
549.0,
4.0],
[46.0,
584.0,
1.0],
[46.0,
619.0,
1.0],
[46.0,
649.0,
1.0],
[47.0,
289.0,
1.0],
[47.0,
369.0,
1.0],
[47.0,
460.0,
1.0],
[47.0,
469.0,
2.0],
[47.0,
549.0,
3.0],
[47.0,
584.0,
5.0],
[47.0,
619.0,
1.0],
[48.0,
289.0,
3.0],
[48.0,
369.0,
2.0],
[48.0,
460.0,
2.0],
[48.0,
469.0,
6.0],
[48.0,
549.0,
11.0],
[48.0,
584.0,
12.0],
[48.0,
619.0,
5.0],
[48.0,
649.0,
1.0],
[49.0,
404.0,
2.0],
[49.0,
549.0,
8.0],
[49.0,
584.0,
2.0],
[49.0,
619.0,
2.0],
[49.0,
649.0,
2.0],
[50.0,
289.0,
1.0],
[50.0,
404.0,
1.0],
[50.0,
549.0,
6.0],
[50.0,
584.0,
1.0],
[50.0,
619.0,
2.0],
[50.0,
649.0,
2.0],
[51.0,
289.0,
1.0],
[51.0,
369.0,
1.0],
[51.0,
404.0,
3.0],
[51.0,
460.0,
1.0],
[51.0,
469.0,
3.0],
[51.0,
549.0,
18.0],
[51.0,
584.0,
9.0],
[51.0,
619.0,
6.0],
[51.0,
649.0,
4.0],
[52.0,
469.0,
2.0],
[52.0,
549.0,
2.0],
[52.0,
619.0,
3.0],
[52.0,
649.0,
1.0],
[53.0,
289.0,
1.0],
[53.0,
369.0,
1.0],
[53.0,
460.0,
1.0],
[53.0,
469.0,
3.0],
[53.0,
549.0,
6.0],
[53.0,
584.0,
7.0],
[53.0,
619.0,
3.0],
[53.0,
649.0,
1.0],
[54.0,
369.0,
1.0],
[54.0,
404.0,
1.0],
[54.0,
469.0,
3.0],
[54.0,
549.0,
10.0],
[54.0,
584.0,
6.0],
[54.0,
619.0,
4.0],
[54.0,
649.0,
2.0],
[55.0,
404.0,
1.0],
[55.0,
549.0,
4.0],
[55.0,
584.0,
1.0],
[55.0,
619.0,
1.0],
[55.0,
649.0,
1.0],
[56.0,
404.0,
1.0],
[56.0,
549.0,
4.0],
[56.0,
584.0,
1.0],
[56.0,
619.0,
1.0],
[56.0,
649.0,
1.0],
[57.0,
289.0,
2.0],
[57.0,
369.0,
2.0],
[57.0,
460.0,
2.0],
[57.0,
469.0,
3.0],
[57.0,
549.0,
7.0],
[57.0,
584.0,
9.0],
[57.0,
619.0,
3.0],
[57.0,
649.0,
1.0],
[58.0,
469.0,
2.0],
[58.0,
549.0,
2.0],
[58.0,
619.0,
3.0],
[58.0,
649.0,
1.0],
[59.0,
469.0,
3.0],
[59.0,
549.0,
5.0],
[59.0,
584.0,
3.0],
[59.0,
619.0,
3.0],
[59.0,
649.0,
1.0],
[60.0,
469.0,
2.0],
[60.0,
549.0,
2.0],
[60.0,
619.0,
3.0],
[60.0,
649.0,
1.0]],
  name: 'Èeské dráhy',
  yAxis: 0,
  tooltip: {
  pointFormat: '{point.x}denní pøedstih: {point.y} Kè, nabídnuto {point.z}×'
},
  visible: true,
  type: 'bubble'
},
{
  data: [[0.0,
319.0,
14.0],
[0.0,
369.0,
28.0],
[0.0,
439.0,
25.0],
[0.0,
519.0,
5.0],
[0.0,
579.0,
148.0],
[0.0,
639.0,
53.0],
[0.0,
649.0,
1.0],
[0.0,
779.0,
16.0],
[0.0,
919.0,
15.0],
[1.0,
319.0,
9.0],
[1.0,
369.0,
18.0],
[1.0,
439.0,
21.0],
[1.0,
579.0,
98.0],
[1.0,
639.0,
45.0],
[1.0,
779.0,
8.0],
[1.0,
919.0,
11.0],
[2.0,
319.0,
14.0],
[2.0,
369.0,
24.0],
[2.0,
439.0,
31.0],
[2.0,
579.0,
99.0],
[2.0,
639.0,
30.0],
[2.0,
779.0,
9.0],
[2.0,
919.0,
1.0],
[3.0,
319.0,
9.0],
[3.0,
369.0,
15.0],
[3.0,
439.0,
9.0],
[3.0,
519.0,
1.0],
[3.0,
549.0,
2.0],
[3.0,
579.0,
65.0],
[3.0,
639.0,
24.0],
[3.0,
649.0,
4.0],
[3.0,
779.0,
4.0],
[3.0,
919.0,
10.0],
[4.0,
319.0,
16.0],
[4.0,
369.0,
34.0],
[4.0,
439.0,
15.0],
[4.0,
519.0,
8.0],
[4.0,
579.0,
74.0],
[4.0,
639.0,
15.0],
[4.0,
649.0,
3.0],
[4.0,
779.0,
4.0],
[4.0,
919.0,
32.0],
[5.0,
319.0,
18.0],
[5.0,
369.0,
34.0],
[5.0,
439.0,
25.0],
[5.0,
579.0,
83.0],
[5.0,
639.0,
9.0],
[5.0,
779.0,
5.0],
[5.0,
919.0,
18.0],
[6.0,
319.0,
10.0],
[6.0,
369.0,
14.0],
[6.0,
439.0,
15.0],
[6.0,
579.0,
47.0],
[6.0,
639.0,
17.0],
[6.0,
749.0,
1.0],
[6.0,
779.0,
3.0],
[6.0,
919.0,
19.0],
[7.0,
319.0,
10.0],
[7.0,
369.0,
22.0],
[7.0,
439.0,
16.0],
[7.0,
519.0,
1.0],
[7.0,
579.0,
62.0],
[7.0,
639.0,
19.0],
[7.0,
649.0,
2.0],
[7.0,
749.0,
3.0],
[7.0,
779.0,
3.0],
[7.0,
919.0,
31.0],
[8.0,
319.0,
9.0],
[8.0,
369.0,
15.0],
[8.0,
439.0,
14.0],
[8.0,
519.0,
2.0],
[8.0,
579.0,
60.0],
[8.0,
639.0,
13.0],
[8.0,
779.0,
4.0],
[8.0,
919.0,
21.0],
[9.0,
319.0,
8.0],
[9.0,
369.0,
15.0],
[9.0,
439.0,
13.0],
[9.0,
579.0,
38.0],
[9.0,
639.0,
19.0],
[9.0,
749.0,
1.0],
[9.0,
779.0,
1.0],
[9.0,
919.0,
6.0],
[10.0,
319.0,
5.0],
[10.0,
369.0,
10.0],
[10.0,
439.0,
8.0],
[10.0,
579.0,
50.0],
[10.0,
639.0,
9.0],
[10.0,
749.0,
2.0],
[10.0,
919.0,
6.0],
[11.0,
319.0,
10.0],
[11.0,
369.0,
21.0],
[11.0,
439.0,
15.0],
[11.0,
579.0,
41.0],
[11.0,
639.0,
12.0],
[11.0,
749.0,
1.0],
[11.0,
779.0,
12.0],
[11.0,
919.0,
3.0],
[12.0,
319.0,
11.0],
[12.0,
369.0,
17.0],
[12.0,
439.0,
19.0],
[12.0,
519.0,
2.0],
[12.0,
579.0,
67.0],
[12.0,
639.0,
11.0],
[12.0,
649.0,
3.0],
[12.0,
779.0,
8.0],
[12.0,
919.0,
4.0],
[13.0,
319.0,
7.0],
[13.0,
369.0,
8.0],
[13.0,
439.0,
11.0],
[13.0,
579.0,
36.0],
[13.0,
639.0,
4.0],
[13.0,
649.0,
3.0],
[13.0,
779.0,
7.0],
[13.0,
919.0,
6.0],
[14.0,
319.0,
5.0],
[14.0,
369.0,
9.0],
[14.0,
439.0,
8.0],
[14.0,
579.0,
33.0],
[14.0,
639.0,
23.0],
[14.0,
649.0,
2.0],
[14.0,
779.0,
7.0],
[14.0,
919.0,
3.0],
[15.0,
319.0,
7.0],
[15.0,
369.0,
8.0],
[15.0,
439.0,
9.0],
[15.0,
519.0,
5.0],
[15.0,
579.0,
15.0],
[15.0,
639.0,
11.0],
[15.0,
779.0,
2.0],
[15.0,
919.0,
1.0],
[16.0,
319.0,
2.0],
[16.0,
369.0,
2.0],
[16.0,
439.0,
4.0],
[16.0,
519.0,
2.0],
[16.0,
579.0,
13.0],
[16.0,
639.0,
12.0],
[16.0,
779.0,
3.0],
[17.0,
319.0,
2.0],
[17.0,
369.0,
2.0],
[17.0,
439.0,
2.0],
[17.0,
519.0,
2.0],
[17.0,
579.0,
6.0],
[17.0,
639.0,
7.0],
[17.0,
779.0,
2.0],
[18.0,
319.0,
2.0],
[18.0,
369.0,
3.0],
[18.0,
439.0,
2.0],
[18.0,
579.0,
6.0],
[18.0,
639.0,
4.0],
[18.0,
779.0,
2.0],
[19.0,
319.0,
2.0],
[19.0,
369.0,
3.0],
[19.0,
439.0,
4.0],
[19.0,
519.0,
2.0],
[19.0,
579.0,
6.0],
[19.0,
639.0,
4.0],
[19.0,
779.0,
1.0],
[20.0,
319.0,
2.0],
[20.0,
369.0,
2.0],
[20.0,
439.0,
4.0],
[20.0,
579.0,
4.0],
[20.0,
639.0,
3.0],
[21.0,
369.0,
1.0],
[21.0,
579.0,
5.0],
[21.0,
639.0,
1.0],
[22.0,
319.0,
1.0],
[22.0,
369.0,
1.0],
[22.0,
439.0,
2.0],
[22.0,
579.0,
5.0],
[22.0,
639.0,
1.0],
[23.0,
369.0,
1.0],
[23.0,
579.0,
5.0],
[24.0,
319.0,
1.0],
[24.0,
369.0,
1.0],
[24.0,
439.0,
2.0],
[24.0,
579.0,
1.0],
[24.0,
639.0,
1.0],
[25.0,
369.0,
1.0],
[25.0,
579.0,
1.0],
[26.0,
579.0,
5.0],
[27.0,
369.0,
1.0],
[27.0,
579.0,
5.0],
[28.0,
579.0,
1.0]],
  name: 'RegioJet',
  yAxis: 0,
  tooltip: {
  pointFormat: '{point.x}denní pøedstih: {point.y} Kè, nabídnuto {point.z}×'
},
  visible: true,
  type: 'bubble'
},
{
  data: [[0.0,
419.0,
5.0],
[0.0,
559.0,
13.0],
[0.0,
639.0,
2.0],
[0.0,
799.0,
44.0],
[0.0,
849.0,
2.0],
[0.0,
899.0,
56.0],
[0.0,
989.0,
16.0],
[0.0,
999.0,
295.0],
[0.0,
1079.0,
2.0],
[0.0,
1179.0,
2.0],
[0.0,
1269.0,
18.0],
[0.0,
1459.0,
23.0],
[0.0,
1529.0,
10.0],
[0.0,
1649.0,
2.0],
[0.0,
1689.0,
13.0],
[0.0,
1699.0,
5.0],
[0.0,
1759.0,
2.0],
[0.0,
1879.0,
1.0],
[0.0,
2279.0,
2.0],
[1.0,
419.0,
7.0],
[1.0,
559.0,
12.0],
[1.0,
749.0,
2.0],
[1.0,
799.0,
57.0],
[1.0,
899.0,
45.0],
[1.0,
989.0,
42.0],
[1.0,
999.0,
294.0],
[1.0,
1179.0,
2.0],
[1.0,
1269.0,
3.0],
[1.0,
1459.0,
25.0],
[1.0,
1529.0,
2.0],
[1.0,
1649.0,
14.0],
[2.0,
419.0,
1.0],
[2.0,
439.0,
9.0],
[2.0,
559.0,
1.0],
[2.0,
579.0,
9.0],
[2.0,
749.0,
4.0],
[2.0,
769.0,
30.0],
[2.0,
799.0,
14.0],
[2.0,
829.0,
21.0],
[2.0,
899.0,
15.0],
[2.0,
929.0,
29.0],
[2.0,
989.0,
2.0],
[2.0,
999.0,
252.0],
[2.0,
1269.0,
12.0],
[2.0,
1309.0,
4.0],
[2.0,
1459.0,
16.0],
[2.0,
1499.0,
14.0],
[2.0,
1529.0,
3.0],
[2.0,
1649.0,
3.0],
[3.0,
439.0,
1.0],
[3.0,
579.0,
1.0],
[3.0,
769.0,
8.0],
[3.0,
829.0,
18.0],
[3.0,
899.0,
15.0],
[3.0,
929.0,
18.0],
[3.0,
999.0,
131.0],
[3.0,
1309.0,
8.0],
[3.0,
1499.0,
2.0],
[4.0,
419.0,
1.0],
[4.0,
559.0,
2.0],
[4.0,
599.0,
3.0],
[4.0,
699.0,
2.0],
[4.0,
749.0,
10.0],
[4.0,
799.0,
5.0],
[4.0,
899.0,
13.0],
[4.0,
929.0,
1.0],
[4.0,
989.0,
2.0],
[4.0,
999.0,
48.0],
[4.0,
1269.0,
6.0],
[4.0,
1309.0,
2.0],
[4.0,
1399.0,
1.0],
[4.0,
1449.0,
1.0],
[4.0,
1529.0,
1.0],
[4.0,
1689.0,
8.0],
[5.0,
419.0,
1.0],
[5.0,
559.0,
6.0],
[5.0,
599.0,
3.0],
[5.0,
699.0,
22.0],
[5.0,
749.0,
14.0],
[5.0,
799.0,
22.0],
[5.0,
839.0,
2.0],
[5.0,
849.0,
12.0],
[5.0,
899.0,
37.0],
[5.0,
929.0,
2.0],
[5.0,
939.0,
2.0],
[5.0,
999.0,
37.0],
[5.0,
1269.0,
2.0],
[5.0,
1329.0,
4.0],
[5.0,
1449.0,
1.0],
[5.0,
1469.0,
1.0],
[5.0,
1569.0,
1.0],
[5.0,
1599.0,
1.0],
[6.0,
419.0,
7.0],
[6.0,
559.0,
2.0],
[6.0,
699.0,
28.0],
[6.0,
749.0,
6.0],
[6.0,
799.0,
44.0],
[6.0,
899.0,
32.0],
[6.0,
939.0,
1.0],
[6.0,
989.0,
2.0],
[6.0,
999.0,
33.0],
[6.0,
1279.0,
1.0],
[6.0,
1349.0,
2.0],
[7.0,
419.0,
2.0],
[7.0,
559.0,
4.0],
[7.0,
699.0,
4.0],
[7.0,
749.0,
6.0],
[7.0,
799.0,
31.0],
[7.0,
849.0,
6.0],
[7.0,
899.0,
38.0],
[7.0,
999.0,
37.0],
[7.0,
1279.0,
8.0],
[8.0,
419.0,
2.0],
[8.0,
559.0,
3.0],
[8.0,
699.0,
2.0],
[8.0,
749.0,
4.0],
[8.0,
799.0,
12.0],
[8.0,
849.0,
2.0],
[8.0,
899.0,
11.0],
[8.0,
999.0,
10.0],
[8.0,
1099.0,
1.0],
[8.0,
1279.0,
2.0],
[9.0,
439.0,
2.0],
[9.0,
559.0,
1.0],
[9.0,
579.0,
4.0],
[9.0,
699.0,
2.0],
[9.0,
749.0,
4.0],
[9.0,
769.0,
4.0],
[9.0,
799.0,
9.0],
[9.0,
829.0,
4.0],
[9.0,
849.0,
4.0],
[9.0,
899.0,
11.0],
[9.0,
929.0,
2.0],
[9.0,
999.0,
12.0],
[9.0,
1099.0,
1.0],
[9.0,
1279.0,
2.0],
[9.0,
1399.0,
2.0],
[9.0,
1689.0,
4.0],
[10.0,
439.0,
1.0],
[10.0,
589.0,
3.0],
[10.0,
739.0,
2.0],
[10.0,
749.0,
1.0],
[10.0,
769.0,
2.0],
[10.0,
779.0,
2.0],
[10.0,
799.0,
8.0],
[10.0,
829.0,
4.0],
[10.0,
839.0,
3.0],
[10.0,
869.0,
4.0],
[10.0,
899.0,
2.0],
[10.0,
929.0,
2.0],
[10.0,
939.0,
2.0],
[10.0,
999.0,
10.0],
[10.0,
1099.0,
3.0],
[10.0,
1279.0,
1.0],
[10.0,
1879.0,
2.0],
[11.0,
419.0,
4.0],
[11.0,
559.0,
13.0],
[11.0,
599.0,
2.0],
[11.0,
699.0,
8.0],
[11.0,
749.0,
13.0],
[11.0,
769.0,
1.0],
[11.0,
779.0,
3.0],
[11.0,
799.0,
27.0],
[11.0,
839.0,
8.0],
[11.0,
849.0,
2.0],
[11.0,
899.0,
18.0],
[11.0,
929.0,
2.0],
[11.0,
939.0,
2.0],
[11.0,
989.0,
2.0],
[11.0,
999.0,
4.0],
[11.0,
1279.0,
2.0],
[11.0,
1319.0,
1.0],
[11.0,
1879.0,
4.0],
[11.0,
1939.0,
2.0],
[12.0,
419.0,
2.0],
[12.0,
559.0,
7.0],
[12.0,
699.0,
8.0],
[12.0,
749.0,
13.0],
[12.0,
769.0,
2.0],
[12.0,
799.0,
35.0],
[12.0,
829.0,
8.0],
[12.0,
899.0,
16.0],
[12.0,
929.0,
2.0],
[12.0,
999.0,
8.0],
[12.0,
1319.0,
2.0],
[12.0,
1699.0,
4.0],
[13.0,
419.0,
1.0],
[13.0,
559.0,
2.0],
[13.0,
699.0,
2.0],
[13.0,
749.0,
7.0],
[13.0,
799.0,
15.0],
[13.0,
899.0,
5.0],
[13.0,
999.0,
3.0],
[13.0,
1099.0,
1.0],
[13.0,
1279.0,
1.0],
[13.0,
1459.0,
2.0],
[14.0,
419.0,
1.0],
[14.0,
519.0,
2.0],
[14.0,
559.0,
3.0],
[14.0,
639.0,
1.0],
[14.0,
749.0,
6.0],
[14.0,
799.0,
10.0],
[14.0,
899.0,
6.0],
[14.0,
999.0,
7.0],
[14.0,
1099.0,
3.0],
[14.0,
1689.0,
2.0],
[15.0,
699.0,
3.0],
[15.0,
749.0,
5.0],
[15.0,
799.0,
7.0],
[15.0,
899.0,
8.0],
[15.0,
1099.0,
2.0],
[16.0,
559.0,
1.0],
[16.0,
999.0,
3.0],
[16.0,
1689.0,
2.0],
[17.0,
559.0,
1.0],
[18.0,
899.0,
2.0],
[18.0,
999.0,
1.0],
[18.0,
1689.0,
2.0],
[19.0,
419.0,
2.0],
[19.0,
519.0,
2.0],
[19.0,
559.0,
8.0],
[19.0,
579.0,
1.0],
[19.0,
589.0,
1.0],
[19.0,
699.0,
4.0],
[19.0,
719.0,
1.0],
[19.0,
749.0,
15.0],
[19.0,
769.0,
2.0],
[19.0,
779.0,
2.0],
[19.0,
799.0,
2.0],
[19.0,
899.0,
4.0],
[19.0,
929.0,
2.0],
[19.0,
999.0,
7.0],
[19.0,
1939.0,
2.0],
[20.0,
519.0,
10.0],
[20.0,
559.0,
9.0],
[20.0,
589.0,
3.0],
[20.0,
699.0,
11.0],
[20.0,
749.0,
19.0],
[20.0,
799.0,
7.0],
[20.0,
899.0,
4.0],
[20.0,
939.0,
6.0],
[20.0,
999.0,
9.0],
[21.0,
519.0,
4.0],
[21.0,
559.0,
3.0],
[21.0,
699.0,
12.0],
[21.0,
749.0,
6.0],
[21.0,
999.0,
10.0],
[22.0,
479.0,
2.0],
[22.0,
519.0,
5.0],
[22.0,
559.0,
12.0],
[22.0,
699.0,
20.0],
[22.0,
749.0,
26.0],
[22.0,
799.0,
2.0],
[22.0,
999.0,
7.0],
[23.0,
699.0,
4.0],
[23.0,
999.0,
4.0],
[24.0,
499.0,
4.0],
[24.0,
519.0,
1.0],
[24.0,
549.0,
2.0],
[24.0,
559.0,
2.0],
[24.0,
589.0,
10.0],
[24.0,
699.0,
2.0],
[24.0,
739.0,
8.0],
[24.0,
779.0,
8.0],
[24.0,
799.0,
2.0],
[24.0,
979.0,
2.0],
[24.0,
999.0,
5.0],
[25.0,
279.0,
2.0],
[25.0,
479.0,
16.0],
[25.0,
519.0,
9.0],
[25.0,
529.0,
1.0],
[25.0,
559.0,
4.0],
[25.0,
579.0,
2.0],
[25.0,
669.0,
8.0],
[25.0,
719.0,
6.0],
[25.0,
789.0,
4.0],
[25.0,
799.0,
2.0],
[25.0,
999.0,
17.0],
[26.0,
479.0,
2.0],
[26.0,
519.0,
5.0],
[26.0,
549.0,
1.0],
[26.0,
559.0,
4.0],
[26.0,
699.0,
4.0],
[26.0,
749.0,
2.0],
[26.0,
829.0,
2.0],
[26.0,
999.0,
1.0],
[27.0,
279.0,
1.0],
[27.0,
479.0,
10.0],
[27.0,
519.0,
8.0],
[27.0,
559.0,
3.0],
[27.0,
659.0,
4.0],
[27.0,
669.0,
4.0],
[27.0,
699.0,
12.0],
[27.0,
719.0,
2.0],
[27.0,
749.0,
8.0],
[27.0,
789.0,
2.0],
[27.0,
839.0,
2.0],
[27.0,
999.0,
7.0],
[28.0,
559.0,
4.0],
[28.0,
699.0,
4.0],
[28.0,
979.0,
4.0],
[28.0,
999.0,
4.0],
[29.0,
299.0,
5.0],
[29.0,
479.0,
2.0],
[29.0,
559.0,
2.0],
[29.0,
999.0,
2.0],
[30.0,
299.0,
5.0],
[30.0,
479.0,
2.0],
[30.0,
519.0,
2.0],
[30.0,
999.0,
2.0],
[31.0,
559.0,
4.0],
[31.0,
969.0,
2.0],
[31.0,
979.0,
2.0],
[33.0,
199.0,
1.0],
[33.0,
479.0,
8.0],
[33.0,
499.0,
2.0],
[33.0,
519.0,
2.0],
[34.0,
479.0,
10.0],
[34.0,
519.0,
6.0],
[34.0,
559.0,
2.0],
[34.0,
969.0,
2.0],
[34.0,
979.0,
2.0],
[36.0,
199.0,
2.0],
[36.0,
279.0,
1.0],
[36.0,
299.0,
5.0],
[36.0,
479.0,
40.0],
[36.0,
499.0,
4.0],
[36.0,
519.0,
18.0],
[36.0,
899.0,
2.0],
[36.0,
969.0,
2.0],
[36.0,
979.0,
2.0],
[37.0,
479.0,
10.0],
[37.0,
519.0,
2.0],
[37.0,
669.0,
4.0],
[37.0,
719.0,
2.0],
[37.0,
789.0,
2.0],
[37.0,
999.0,
4.0],
[40.0,
489.0,
9.0],
[40.0,
609.0,
2.0],
[41.0,
199.0,
5.0],
[41.0,
479.0,
29.0],
[41.0,
499.0,
7.0],
[41.0,
519.0,
2.0],
[41.0,
549.0,
2.0],
[41.0,
829.0,
2.0],
[41.0,
869.0,
2.0],
[42.0,
479.0,
9.0],
[42.0,
599.0,
2.0],
[43.0,
199.0,
4.0],
[43.0,
479.0,
20.0],
[43.0,
499.0,
2.0],
[43.0,
519.0,
4.0],
[44.0,
199.0,
2.0],
[44.0,
479.0,
31.0],
[44.0,
979.0,
2.0],
[48.0,
479.0,
6.0],
[49.0,
199.0,
5.0],
[49.0,
479.0,
31.0],
[49.0,
599.0,
2.0],
[49.0,
649.0,
2.0],
[50.0,
479.0,
9.0],
[50.0,
599.0,
2.0],
[52.0,
479.0,
6.0],
[52.0,
649.0,
2.0],
[53.0,
199.0,
5.0],
[53.0,
479.0,
18.0],
[53.0,
489.0,
11.0],
[53.0,
669.0,
2.0],
[53.0,
879.0,
2.0],
[54.0,
199.0,
2.0],
[54.0,
479.0,
6.0],
[55.0,
199.0,
2.0],
[55.0,
479.0,
14.0],
[56.0,
199.0,
4.0],
[56.0,
479.0,
17.0],
[57.0,
479.0,
8.0],
[57.0,
859.0,
2.0],
[58.0,
209.0,
4.0],
[58.0,
489.0,
16.0],
[59.0,
209.0,
4.0],
[59.0,
499.0,
16.0]],
  name: 'Leo Express',
  yAxis: 0,
  tooltip: {
  pointFormat: '{point.x}denní pøedstih: {point.y} Kè, nabídnuto {point.z}×'
},
  visible: true,
  type: 'bubble'
}],
  subtitle: {
  align: 'left',
  text: 'Nabízené ceny jízdenek na páteèní (8.00-16.00) a nedìlní (12.00-20.00) špièku'
},
  title: {
  align: 'left',
  margin: 30,
  text: 'Jízdné Praha &#8596; Ostrava na zaèátku a konci víkendu'
},
  xAxis: {
  categories: ['0 d',
'1 d',
'2 d',
'3 d',
'4 d',
'5 d',
'6 d',
'7 d',
'8 d',
'9 d',
'10 d',
'11 d',
'12 d',
'13 d',
'14 d',
'15 d',
'16 d',
'17 d',
'18 d',
'19 d',
'20 d',
'21 d',
'22 d',
'23 d',
'24 d',
'25 d',
'26 d',
'27 d',
'28 d',
'29 d',
'30 d',
'31 d',
'32 d',
'33 d',
'34 d',
'35 d',
'36 d',
'37 d',
'38 d',
'39 d',
'40 d',
'41 d',
'42 d',
'43 d',
'44 d',
'45 d',
'46 d',
'47 d',
'48 d',
'49 d',
'50 d',
'51 d',
'52 d',
'53 d',
'54 d',
'55 d',
'56 d',
'57 d',
'58 d',
'59 d',
'60 d',
'61 d',
'62 d',
'63 d',
'64 d',
'65 d',
'66 d',
'67 d',
'68 d',
'69 d',
'70 d',
'71 d',
'72 d',
'73 d',
'74 d',
'75 d',
'76 d',
'77 d',
'78 d',
'79 d',
'80 d',
'81 d',
'82 d',
'83 d',
'84 d',
'85 d',
'86 d',
'87 d',
'88 d',
'89 d',
'90 d',
'91 d',
'92 d',
'93 d',
'94 d',
'95 d',
'96 d',
'97 d',
'98 d',
'99 d',
'100 d',
'101 d',
'102 d',
'103 d',
'104 d',
'105 d',
'106 d',
'107 d',
'108 d',
'109 d',
'110 d',
'111 d',
'112 d',
'113 d',
'114 d',
'115 d',
'116 d',
'117 d',
'118 d',
'119 d',
'120 d',
'121 d',
'122 d',
'123 d',
'124 d',
'125 d',
'126 d',
'127 d',
'128 d',
'129 d',
'130 d',
'131 d',
'132 d',
'133 d',
'134 d',
'135 d',
'136 d',
'137 d',
'138 d',
'139 d',
'140 d',
'141 d',
'142 d',
'143 d',
'144 d',
'145 d',
'146 d',
'147 d',
'148 d',
'149 d',
'150 d',
'151 d',
'152 d',
'153 d',
'154 d',
'155 d',
'156 d',
'157 d',
'158 d',
'159 d',
'160 d',
'161 d',
'162 d',
'163 d',
'164 d',
'165 d',
'166 d',
'167 d',
'168 d',
'169 d',
'170 d',
'171 d',
'172 d',
'173 d',
'174 d',
'175 d',
'176 d',
'177 d',
'178 d',
'179 d',
'180 d',
'181 d',
'182 d',
'183 d',
'184 d',
'185 d',
'186 d',
'187 d',
'188 d',
'189 d',
'190 d',
'191 d',
'192 d',
'193 d',
'194 d',
'195 d',
'196 d',
'197 d',
'198 d',
'199 d',
'200 d',
'201 d',
'202 d',
'203 d',
'204 d',
'205 d',
'206 d',
'207 d',
'208 d',
'209 d',
'210 d',
'211 d',
'212 d',
'213 d',
'214 d',
'215 d',
'216 d',
'217 d',
'218 d',
'219 d',
'220 d',
'221 d',
'222 d',
'223 d',
'224 d',
'225 d',
'226 d',
'227 d',
'228 d',
'229 d',
'230 d',
'231 d',
'232 d',
'233 d',
'234 d',
'235 d',
'236 d',
'237 d',
'238 d',
'239 d',
'240 d',
'241 d',
'242 d',
'243 d',
'244 d',
'245 d',
'246 d',
'247 d',
'248 d',
'249 d',
'250 d',
'251 d',
'252 d',
'253 d',
'254 d',
'255 d',
'256 d',
'257 d',
'258 d',
'259 d',
'260 d',
'261 d',
'262 d',
'263 d',
'264 d',
'265 d',
'266 d',
'267 d',
'268 d',
'269 d',
'270 d',
'271 d',
'272 d',
'273 d',
'274 d',
'275 d',
'276 d',
'277 d',
'278 d',
'279 d',
'280 d',
'281 d',
'282 d',
'283 d',
'284 d',
'285 d',
'286 d',
'287 d',
'288 d',
'289 d',
'290 d',
'291 d',
'292 d',
'293 d',
'294 d',
'295 d',
'296 d',
'297 d',
'298 d',
'299 d',
'300 d',
'301 d',
'302 d',
'303 d',
'304 d',
'305 d',
'306 d',
'307 d',
'308 d',
'309 d',
'310 d',
'311 d',
'312 d',
'313 d',
'314 d',
'315 d',
'316 d',
'317 d',
'318 d',
'319 d',
'320 d',
'321 d',
'322 d',
'323 d',
'324 d',
'325 d',
'326 d',
'327 d',
'328 d',
'329 d',
'330 d',
'331 d',
'332 d',
'333 d',
'334 d',
'335 d',
'336 d',
'337 d',
'338 d',
'339 d',
'340 d',
'341 d',
'342 d',
'343 d',
'344 d',
'345 d',
'346 d',
'347 d',
'348 d',
'349 d',
'350 d',
'351 d',
'352 d',
'353 d',
'354 d',
'355 d',
'356 d',
'357 d',
'358 d',
'359 d',
'360 d',
'361 d',
'362 d',
'363 d',
'364 d',
'365 d',
'366 d',
'367 d',
'368 d',
'369 d',
'370 d',
'371 d',
'372 d',
'373 d',
'374 d',
'375 d',
'376 d',
'377 d',
'378 d',
'379 d',
'380 d',
'381 d',
'382 d',
'383 d',
'384 d',
'385 d',
'386 d',
'387 d',
'388 d',
'389 d',
'390 d',
'391 d',
'392 d',
'393 d',
'394 d',
'395 d',
'396 d',
'397 d',
'398 d',
'399 d',
'400 d',
'401 d',
'402 d',
'403 d',
'404 d',
'405 d',
'406 d',
'407 d',
'408 d',
'409 d',
'410 d',
'411 d',
'412 d',
'413 d',
'414 d',
'415 d',
'416 d',
'417 d',
'418 d',
'419 d',
'420 d',
'421 d',
'422 d',
'423 d',
'424 d',
'425 d',
'426 d',
'427 d',
'428 d',
'429 d',
'430 d',
'431 d',
'432 d',
'433 d',
'434 d',
'435 d',
'436 d',
'437 d',
'438 d',
'439 d',
'440 d',
'441 d',
'442 d',
'443 d',
'444 d',
'445 d',
'446 d',
'447 d',
'448 d',
'449 d',
'450 d',
'451 d',
'452 d',
'453 d',
'454 d',
'455 d',
'456 d',
'457 d',
'458 d',
'459 d',
'460 d',
'461 d',
'462 d',
'463 d',
'464 d',
'465 d',
'466 d',
'467 d',
'468 d',
'469 d',
'470 d',
'471 d',
'472 d',
'473 d',
'474 d',
'475 d',
'476 d',
'477 d',
'478 d',
'479 d',
'480 d',
'481 d',
'482 d',
'483 d',
'484 d',
'485 d',
'486 d',
'487 d',
'488 d',
'489 d',
'490 d',
'491 d',
'492 d',
'493 d',
'494 d',
'495 d',
'496 d',
'497 d',
'498 d',
'499 d',
'500 d',
'501 d',
'502 d',
'503 d',
'504 d',
'505 d',
'506 d',
'507 d',
'508 d',
'509 d',
'510 d',
'511 d',
'512 d',
'513 d',
'514 d',
'515 d',
'516 d',
'517 d',
'518 d',
'519 d',
'520 d',
'521 d',
'522 d',
'523 d',
'524 d',
'525 d',
'526 d',
'527 d',
'528 d',
'529 d',
'530 d',
'531 d',
'532 d',
'533 d',
'534 d',
'535 d',
'536 d',
'537 d',
'538 d',
'539 d',
'540 d',
'541 d',
'542 d',
'543 d',
'544 d',
'545 d',
'546 d',
'547 d',
'548 d',
'549 d',
'550 d',
'551 d',
'552 d',
'553 d',
'554 d',
'555 d',
'556 d',
'557 d',
'558 d',
'559 d',
'560 d',
'561 d',
'562 d',
'563 d',
'564 d',
'565 d',
'566 d',
'567 d',
'568 d',
'569 d',
'570 d',
'571 d',
'572 d',
'573 d',
'574 d',
'575 d',
'576 d',
'577 d',
'578 d',
'579 d',
'580 d',
'581 d',
'582 d',
'583 d',
'584 d',
'585 d',
'586 d',
'587 d',
'588 d',
'589 d',
'590 d',
'591 d',
'592 d',
'593 d',
'594 d',
'595 d',
'596 d',
'597 d',
'598 d',
'599 d',
'600 d',
'601 d',
'602 d',
'603 d',
'604 d',
'605 d',
'606 d',
'607 d',
'608 d',
'609 d',
'610 d',
'611 d',
'612 d',
'613 d',
'614 d',
'615 d',
'616 d',
'617 d',
'618 d',
'619 d',
'620 d',
'621 d',
'622 d',
'623 d',
'624 d',
'625 d',
'626 d',
'627 d',
'628 d',
'629 d',
'630 d',
'631 d',
'632 d',
'633 d',
'634 d',
'635 d',
'636 d',
'637 d',
'638 d',
'639 d',
'640 d',
'641 d',
'642 d',
'643 d',
'644 d',
'645 d',
'646 d',
'647 d',
'648 d',
'649 d',
'650 d',
'651 d',
'652 d',
'653 d',
'654 d',
'655 d',
'656 d',
'657 d',
'658 d',
'659 d',
'660 d',
'661 d',
'662 d'],
  min: 0,
  title: {
  text: 'pøedstih nákupu'
}
},
  yAxis: [{
  min: 0,
  reversed: false,
  title: {
  text: ` `
}
}]
},
);
});</script>